[1] "PhenoFile.A1C_Max.ASN.txt"
[1] "PhenoFile.Phe_411_8.ASN.txt"
tauInit  is  0 0 
cateVarRatioMinMACVecExclude  is  0.5 1.5 2.5 3.5 4.5 5.5 10.5 20.5 
cateVarRatioMaxMACVecInclude  is  1.5 2.5 3.5 4.5 5.5 10.5 20.5 
[1] "Phenotype for this run: /mnt/bb/arodriguez/A1C_Max.ASN/PhenoFile.A1C_Max.ASN.txt"
Markers in the Plink file with MAF >=  1e-04  will be used to construct GRM
42  threads are set to be used  
tauInit  is  0 0 
cateVarRatioMinMACVecExclude  is  0.5 1.5 2.5 3.5 4.5 5.5 10.5 20.5 
cateVarRatioMaxMACVecInclude  is  1.5 2.5 3.5 4.5 5.5 10.5 20.5 
[1] "Phenotype for this run: /mnt/bb/arodriguez/Phe_411_8.ASN/PhenoFile.Phe_411_8.ASN.txt"
Markers in the Plink file with MAF >=  1e-04  will be used to construct GRM
42  threads are set to be used  
658582  samples have genotypes
formula is  Phenotype~Age+Gender+pc1+pc2+pc3+pc4+pc5+pc6+pc7+pc8+pc9+pc10 
6411  samples have non-missing phenotypes
652171  samples in geno file do not have phenotypes
6411  samples will be used for analysis
qr transformation has been performed on covariates
colnames(data.new) is  Y minus1 Age GenderF GenderM pc1 pc2 pc3 pc4 pc5 pc6 pc7 pc8 pc9 pc10 
out.transform$Param.transform$qrr:  14 14 
Phenotype  is a quantitative trait
glm:

Call:  glm(formula = formula.new, family = gaussian(link = "identity"), 
    data = data.new)

Coefficients:
   minus1        Age    GenderF    GenderM        pc1        pc2        pc3  
-6.437935  -0.446936  -0.079662  -0.035872  -0.032293   0.041655  -0.102551  
      pc4        pc5        pc6        pc7        pc8        pc9       pc10  
 0.028919  -0.007641   0.052973   0.066435   0.059652  -0.015269  -0.037274  

Degrees of Freedom: 6411 Total (i.e. Null);  6397 Residual
Null Deviance:	    282800 
Residual Deviance: 15610 	AIC: 23930
Start fitting the NULL GLMM
   user  system elapsed 
 12.580  35.097  44.706 
658582  samples have genotypes
formula is  Phenotype~Age+Gender+pc1+pc2+pc3+pc4+pc5+pc6+pc7+pc8+pc9+pc10 
7859  samples have non-missing phenotypes
[1] "Start reading genotype plink file here"
650723  samples in geno file do not have phenotypes
7859  samples will be used for analysis
qr transformation has been performed on covariates
nbyte: 164646
nbyte: 1603
reserve: 275981344

M: 171951, N: 658582
size of genoVecofPointers: 15
setgeno mark1
setgeno mark2
colnames(data.new) is  Y minus1 Age GenderF GenderM pc1 pc2 pc3 pc4 pc5 pc6 pc7 pc8 pc9 pc10 
out.transform$Param.transform$qrr:  14 14 
Phenotype  is a binary trait
glm:

Call:  glm(formula = formula.new, family = binomial, data = data.new)

Coefficients:
  minus1       Age   GenderF   GenderM       pc1       pc2       pc3       pc4  
 3.57483  -1.52277  -0.28114  -2.01065   0.10830  -0.03865  -0.11605  -0.13257  
     pc5       pc6       pc7       pc8       pc9      pc10  
-0.05264  -0.02843  -0.05627  -0.08714  -0.02662   0.05656  

Degrees of Freedom: 7859 Total (i.e. Null);  7845 Residual
Null Deviance:	    10890 
Residual Deviance: 3298 	AIC: 3326
Start fitting the NULL GLMM
   user  system elapsed 
 13.137  35.060  44.132 
[1] "Start reading genotype plink file here"
nbyte: 164646
nbyte: 1965
reserve: 338227616

M: 171951, N: 658582
size of genoVecofPointers: 15
setgeno mark1
setgeno mark2
170869 markers with MAF >= 0.0001 are used for GRM.
setgeno mark5
setgeno mark6
M by N size: 171951 M, 6411 N
171572 markers with MAF >= 0.0001 are used for GRM.
setgeno mark5
setgeno mark6
M by N size: 171951 M, 7859 N
Size in bytes of fullGRM is:64
Size in bytes of fullGRM is:112
time: 712172
[1] "Genotype reading is done"
Fixed-effect coefficients:
      minus1          Age      GenderF      GenderM          pc1          pc2 
-6.437934800 -0.446935544 -0.079661769 -0.035871684 -0.032293121  0.041655021 
         pc3          pc4          pc5          pc6          pc7          pc8 
-0.102551187  0.028918776 -0.007640561  0.052973424  0.066435117  0.059651930 
         pc9         pc10 
-0.015269202 -0.037273532 
initial tau is  1 0 
iGet_Coef:  1 
iter from getPCG1ofSigmaAndVector 1
iter from getPCG1ofSigmaAndVector 1
iter from getPCG1ofSigmaAndVector 1
iter from getPCG1ofSigmaAndVector 1
iter from getPCG1ofSigmaAndVector 1
iter from getPCG1ofSigmaAndVector 1
iter from getPCG1ofSigmaAndVector 1
iter from getPCG1ofSigmaAndVector 1
iter from getPCG1ofSigmaAndVector 1
iter from getPCG1ofSigmaAndVector 1
iter from getPCG1ofSigmaAndVector 1
iter from getPCG1ofSigmaAndVector 1
iter from getPCG1ofSigmaAndVector 1
iter from getPCG1ofSigmaAndVector 1
iter from getPCG1ofSigmaAndVector 1
Tau:
[1] 1 0
Fixed-effect coefficients:
              [,1]
 [1,] -6.437932491
 [2,] -0.446936071
 [3,] -0.079661876
 [4,] -0.035871848
 [5,] -0.032293119
 [6,]  0.041655023
 [7,] -0.102551192
 [8,]  0.028918756
 [9,] -0.007640536
[10,]  0.052973401
[11,]  0.066435292
[12,]  0.059651826
[13,] -0.015269168
[14,] -0.037273306
iter from getPCG1ofSigmaAndVector 1
iter from getPCG1ofSigmaAndVector 1
iter from getPCG1ofSigmaAndVector 1
iter from getPCG1ofSigmaAndVector 1
iter from getPCG1ofSigmaAndVector 1
iter from getPCG1ofSigmaAndVector 1
iter from getPCG1ofSigmaAndVector 1
iter from getPCG1ofSigmaAndVector 1
iter from getPCG1ofSigmaAndVector 1
iter from getPCG1ofSigmaAndVector 1
iter from getPCG1ofSigmaAndVector 1
iter from getPCG1ofSigmaAndVector 1
iter from getPCG1ofSigmaAndVector 1
iter from getPCG1ofSigmaAndVector 1
iter from getPCG1ofSigmaAndVector 1
iter from getPCG1ofSigmaAndVector 1
iter from getPCG1ofSigmaAndVector 1
iter from getPCG1ofSigmaAndVector 1
iter from getPCG1ofSigmaAndVector 1
iter from getPCG1ofSigmaAndVector 1
iter from getPCG1ofSigmaAndVector 1
iter from getPCG1ofSigmaAndVector 1
iter from getPCG1ofSigmaAndVector 1
iter from getPCG1ofSigmaAndVector 1
iter from getPCG1ofSigmaAndVector 1
iter from getPCG1ofSigmaAndVector 1
iter from getPCG1ofSigmaAndVector 1
iter from getPCG1ofSigmaAndVector 1
iter from getPCG1ofSigmaAndVector 1
iter from getPCG1ofSigmaAndVector 1
iter from getPCG1ofSigmaAndVector 1
iter from getPCG1ofSigmaAndVector 1
Variance component estimates:
[1] 2.43704 0.00000

Iteration  1 :
iGet_Coef:  1 
iter from getPCG1ofSigmaAndVector 1
iter from getPCG1ofSigmaAndVector 1
iter from getPCG1ofSigmaAndVector 1
iter from getPCG1ofSigmaAndVector 1
iter from getPCG1ofSigmaAndVector 1
iter from getPCG1ofSigmaAndVector 1
iter from getPCG1ofSigmaAndVector 1
iter from getPCG1ofSigmaAndVector 1
iter from getPCG1ofSigmaAndVector 1
iter from getPCG1ofSigmaAndVector 1
iter from getPCG1ofSigmaAndVector 1
iter from getPCG1ofSigmaAndVector 1
iter from getPCG1ofSigmaAndVector 1
iter from getPCG1ofSigmaAndVector 1
iter from getPCG1ofSigmaAndVector 1
Tau:
[1] 2.43704 0.00000
Fixed-effect coefficients:
             [,1]
 [1,] -6.43786812
 [2,] -0.44693542
 [3,] -0.07966190
 [4,] -0.03587201
 [5,] -0.03229322
 [6,]  0.04165496
 [7,] -0.10255125
 [8,]  0.02891875
 [9,] -0.00764055
[10,]  0.05297349
[11,]  0.06643528
[12,]  0.05965197
[13,] -0.01526914
[14,] -0.03727346
iter from getPCG1ofSigmaAndVector 1
iter from getPCG1ofSigmaAndVector 1
iter from getPCG1ofSigmaAndVector 1
iter from getPCG1ofSigmaAndVector 1
iter from getPCG1ofSigmaAndVector 1
iter from getPCG1ofSigmaAndVector 1
iter from getPCG1ofSigmaAndVector 1
iter from getPCG1ofSigmaAndVector 1
iter from getPCG1ofSigmaAndVector 1
iter from getPCG1ofSigmaAndVector 1
iter from getPCG1ofSigmaAndVector 1
iter from getPCG1ofSigmaAndVector 1
iter from getPCG1ofSigmaAndVector 1
iter from getPCG1ofSigmaAndVector 1
iter from getPCG1ofSigmaAndVector 1
iter from getPCG1ofSigmaAndVector 1
iter from getPCG1ofSigmaAndVector 1
iter from getPCG1ofSigmaAndVector 1
iter from getPCG1ofSigmaAndVector 1
iter from getPCG1ofSigmaAndVector 1
iter from getPCG1ofSigmaAndVector 1
iter from getPCG1ofSigmaAndVector 1
iter from getPCG1ofSigmaAndVector 1
iter from getPCG1ofSigmaAndVector 1
iter from getPCG1ofSigmaAndVector 1
iter from getPCG1ofSigmaAndVector 1
iter from getPCG1ofSigmaAndVector 1
iter from getPCG1ofSigmaAndVector 1
iter from getPCG1ofSigmaAndVector 1
iter from getPCG1ofSigmaAndVector 1
iter from getPCG1ofSigmaAndVector 1
iter from getPCG1ofSigmaAndVector 1
cov:  0.000380131 -8.199493e-12 -1.929296e-12 1.791486e-11 3.307361e-12 1.171356e-12 -8.268403e-13 -2.756131e-13 -8.268401e-13 -3.410715e-12 3.30736e-12 -2.928392e-12 -2.618326e-12 2.618327e-12 -8.199493e-12 0.0003801339 -1.329846e-11 -2.053334e-11 1.102462e-12 5.098885e-12 2.738928e-12 1.61924e-12 2.342731e-12 -3.307385e-12 2.239375e-12 -5.51231e-13 1.102461e-12 -2.032664e-12 -1.929296e-12 -1.329846e-11 0.0003801347 -1.929311e-12 -2.756161e-13 3.824171e-12 -1.102464e-12 -2.893967e-12 -1.894861e-13 -1.7226e-12 4.134238e-13 -6.890401e-13 -2.325511e-13 -7.579438e-13 1.791486e-11 -2.053334e-11 -1.929311e-12 0.000380134 -2.756155e-13 -1.688145e-12 -3.307386e-12 4.134231e-12 -7.923947e-13 9.646541e-13 -1.378077e-12 1.378078e-12 4.651011e-12 -6.890385e-13 3.307361e-12 1.102462e-12 -2.756161e-13 -2.756155e-13 0.0003801342 -7.166006e-12 -1.24027e-12 -4.96108e-12 -1.998213e-12 -2.204925e-12 8.268466e-13 -1.550338e-12 1.808727e-12 3.858618e-12 1.171356e-12 5.098885e-12 3.824171e-12 -1.688145e-12 -7.166006e-12 0.0003801341 6.80426e-13 -7.166003e-12 6.890389e-13 9.646546e-13 -1.378077e-12 -2.204925e-12 -5.098887e-12 -1.959455e-12 -8.268403e-13 2.738928e-12 -1.102464e-12 -3.307386e-12 -1.24027e-12 6.80426e-13 0.0003801341 1.998212e-12 8.268467e-13 4.306492e-13 -2.618347e-12 -6.890391e-12 5.51231e-13 4.995531e-13 -2.756131e-13 1.61924e-12 -2.893967e-12 4.134231e-12 -4.96108e-12 -7.166003e-12 1.998212e-12 0.000380134 2.204924e-12 -4.823271e-12 3.238481e-12 -9.646546e-13 1.259613e-19 -1.791501e-12 -8.268401e-13 2.342731e-12 -1.894861e-13 -7.923947e-13 -1.998213e-12 6.890389e-13 8.268467e-13 2.204924e-12 0.0003801341 3.996425e-12 8.957505e-13 -4.685465e-12 -1.378078e-13 -1.653693e-12 -3.410715e-12 -3.307385e-12 -1.7226e-12 9.646541e-13 -2.204925e-12 9.646546e-13 4.306492e-13 -4.823271e-12 3.996425e-12 0.0003801341 -2.962866e-12 2.204925e-12 -8.957506e-13 -2.342732e-12 3.30736e-12 2.239375e-12 4.134238e-13 -1.378077e-12 8.268466e-13 -1.378077e-12 -2.618347e-12 3.238481e-12 8.957505e-13 -2.962866e-12 0.000380134 -8.07898e-12 -2.583895e-12 -6.890387e-13 -2.928392e-12 -5.51231e-13 -6.890401e-13 1.378078e-12 -1.550338e-12 -2.204925e-12 -6.890391e-12 -9.646546e-13 -4.685465e-12 2.204925e-12 -8.07898e-12 0.0003801342 -6.890389e-13 -8.268468e-13 -2.618326e-12 1.102461e-12 -2.325511e-13 4.651011e-12 1.808727e-12 -5.098887e-12 5.51231e-13 1.259613e-19 -1.378078e-13 -8.957506e-13 -2.583895e-12 -6.890389e-13 0.0003801341 -2.756155e-13 2.618327e-12 -2.032664e-12 -7.579438e-13 -6.890385e-13 3.858618e-12 -1.959455e-12 4.995531e-13 -1.791501e-12 -1.653693e-12 -2.342732e-12 -6.890387e-13 -8.268468e-13 -2.756155e-13 0.0003801341 
Variance component estimates:
[1] 2.36309695 0.07772584
Fixed-effect coefficients:
             [,1]
 [1,] -6.43786812
 [2,] -0.44693542
 [3,] -0.07966190
 [4,] -0.03587201
 [5,] -0.03229322
 [6,]  0.04165496
 [7,] -0.10255125
 [8,]  0.02891875
 [9,] -0.00764055
[10,]  0.05297349
[11,]  0.06643528
[12,]  0.05965197
[13,] -0.01526914
[14,] -0.03727346

Iteration  2 :
iGet_Coef:  1 
iter from getPCG1ofSigmaAndVector 7
iter from getPCG1ofSigmaAndVector 5
iter from getPCG1ofSigmaAndVector 6
iter from getPCG1ofSigmaAndVector 6
iter from getPCG1ofSigmaAndVector 6
iter from getPCG1ofSigmaAndVector 6
iter from getPCG1ofSigmaAndVector 6
iter from getPCG1ofSigmaAndVector 6
iter from getPCG1ofSigmaAndVector 6
iter from getPCG1ofSigmaAndVector 6
iter from getPCG1ofSigmaAndVector 6
iter from getPCG1ofSigmaAndVector 6
iter from getPCG1ofSigmaAndVector 6
iter from getPCG1ofSigmaAndVector 6
iter from getPCG1ofSigmaAndVector 6
Tau:
[1] 2.36309695 0.07772584
Fixed-effect coefficients:
             [,1]
 [1,] -6.43792439
 [2,] -0.44366521
 [3,] -0.08007710
 [4,] -0.03602271
 [5,] -0.02138531
 [6,]  0.04540408
 [7,] -0.10765298
 [8,]  0.02780053
 [9,] -0.00768440
[10,]  0.05287635
[11,]  0.06658435
[12,]  0.05823993
[13,] -0.01367446
[14,] -0.03783973
iter from getPCG1ofSigmaAndVector 6
iter from getPCG1ofSigmaAndVector 6
iter from getPCG1ofSigmaAndVector 6
iter from getPCG1ofSigmaAndVector 6
iter from getPCG1ofSigmaAndVector 6
iter from getPCG1ofSigmaAndVector 6
iter from getPCG1ofSigmaAndVector 6
iter from getPCG1ofSigmaAndVector 6
iter from getPCG1ofSigmaAndVector 6
iter from getPCG1ofSigmaAndVector 6
iter from getPCG1ofSigmaAndVector 6
iter from getPCG1ofSigmaAndVector 6
iter from getPCG1ofSigmaAndVector 5
iter from getPCG1ofSigmaAndVector 6
iter from getPCG1ofSigmaAndVector 6
iter from getPCG1ofSigmaAndVector 6
iter from getPCG1ofSigmaAndVector 6
iter from getPCG1ofSigmaAndVector 6
iter from getPCG1ofSigmaAndVector 6
iter from getPCG1ofSigmaAndVector 6
iter from getPCG1ofSigmaAndVector 6
iter from getPCG1ofSigmaAndVector 6
iter from getPCG1ofSigmaAndVector 4
iter from getPCG1ofSigmaAndVector 6
iter from getPCG1ofSigmaAndVector 6
iter from getPCG1ofSigmaAndVector 6
iter from getPCG1ofSigmaAndVector 6
iter from getPCG1ofSigmaAndVector 6
iter from getPCG1ofSigmaAndVector 6
Size in bytes of fullGRM is:64
Size in bytes of fullGRM is:112
time: 720352
[1] "Genotype reading is done"
inital tau is  1 0.1 
iGet_Coef:  1 
iter from getPCG1ofSigmaAndVector 6
iter from getPCG1ofSigmaAndVector 5
iter from getPCG1ofSigmaAndVector 6
cov:  0.0003685988 1.043076e-10 -1.2067e-10 -5.653207e-11 3.252437e-10 -8.319948e-10 -3.775305e-10 7.119164e-10 -1.60501e-10 1.107684e-10 3.487014e-10 9.081005e-11 -3.77314e-11 6.590776e-11 1.043076e-10 0.0004084253 7.257867e-06 -6.888719e-06 -0.0001408869 7.177545e-05 1.004892e-05 1.234526e-05 -5.5026e-06 4.63827e-06 1.03927e-05 -3.153006e-06 1.331367e-06 -2.697506e-06 -1.2067e-10 7.257867e-06 0.0003865471 -2.339369e-06 -7.234134e-05 3.624925e-05 5.290495e-06 -8.08987e-06 4.133489e-06 -3.476932e-06 -5.646785e-06 9.036862e-07 -4.574357e-07 8.122697e-08 -5.653207e-11 -6.888719e-06 -2.339369e-06 0.0003818613 4.814694e-05 -2.232411e-05 6.317217e-07 -3.613529e-06 6.124577e-07 -6.657272e-07 -3.167661e-06 -1.982842e-06 -1.077024e-07 3.649761e-07 3.252437e-10 -0.0001408869 -7.234134e-05 4.814694e-05 0.001689762 -0.0006010475 -0.0001346232 -7.812177e-06 -1.379545e-06 4.070372e-06 -4.906285e-06 -9.973034e-06 4.85555e-06 -7.999981e-07 -8.319948e-10 7.177545e-05 3.624925e-05 -2.232411e-05 -0.0006010475 0.0007603339 4.043112e-05 2.584381e-05 -2.250033e-07 -5.384516e-08 2.046034e-05 2.598452e-05 4.225332e-07 -2.183167e-06 -3.775305e-10 1.004892e-05 5.290495e-06 6.317217e-07 -0.0001346232 4.043112e-05 0.0008078713 -5.246942e-06 -7.441278e-05 5.207113e-05 -3.23135e-05 -0.0001752783 1.365923e-06 1.895017e-06 7.119164e-10 1.234526e-05 -8.08987e-06 -3.613529e-06 -7.812177e-06 2.584381e-05 -5.246942e-06 0.0005065101 -4.474097e-05 3.867179e-05 8.448511e-05 2.578934e-05 7.738836e-07 1.963721e-07 -1.60501e-10 -5.5026e-06 4.133489e-06 6.124577e-07 -1.379545e-06 -2.250033e-07 -7.441278e-05 -4.474097e-05 0.0004178908 -2.589709e-05 -2.837973e-05 2.490297e-05 -2.146845e-06 2.787023e-07 1.107684e-10 4.63827e-06 -3.476932e-06 -6.657272e-07 4.070372e-06 -5.384516e-08 5.207113e-05 3.867179e-05 -2.589709e-05 0.0004045334 2.66982e-05 -1.606541e-05 1.255188e-06 -5.400701e-07 3.487014e-10 1.03927e-05 -5.646785e-06 -3.167661e-06 -4.906285e-06 2.046034e-05 -3.23135e-05 8.448511e-05 -2.837973e-05 2.66982e-05 0.0004479925 2.975435e-05 2.248878e-06 -1.296285e-06 9.081005e-11 -3.153006e-06 9.036862e-07 -1.982842e-06 -9.973034e-06 2.598452e-05 -0.0001752783 2.578934e-05 2.490297e-05 -1.606541e-05 2.975435e-05 0.0004740062 -2.400857e-06 1.171448e-06 -3.77314e-11 1.331367e-06 -4.574357e-07 -1.077024e-07 4.85555e-06 4.225332e-07 1.365923e-06 7.738836e-07 -2.146845e-06 1.255188e-06 2.248878e-06 -2.400857e-06 0.0003832253 -8.547782e-07 6.590776e-11 -2.697506e-06 8.122697e-08 3.649761e-07 -7.999981e-07 -2.183167e-06 1.895017e-06 1.963721e-07 2.787023e-07 -5.400701e-07 -1.296285e-06 1.171448e-06 -8.547782e-07 0.0003829534 
Variance component estimates:
[1] 2.34432268 0.09785851
Fixed-effect coefficients:
             [,1]
 [1,] -6.43792439
 [2,] -0.44366521
 [3,] -0.08007710
 [4,] -0.03602271
 [5,] -0.02138531
 [6,]  0.04540408
 [7,] -0.10765298
 [8,]  0.02780053
 [9,] -0.00768440
[10,]  0.05287635
[11,]  0.06658435
[12,]  0.05823993
[13,] -0.01367446
[14,] -0.03783973

Iteration  3 :
iGet_Coef:  1 
iter from getPCG1ofSigmaAndVector 7
iter from getPCG1ofSigmaAndVector 6
iter from getPCG1ofSigmaAndVector 7
iter from getPCG1ofSigmaAndVector 6
iter from getPCG1ofSigmaAndVector 6
iter from getPCG1ofSigmaAndVector 6
iter from getPCG1ofSigmaAndVector 6
iter from getPCG1ofSigmaAndVector 6
iter from getPCG1ofSigmaAndVector 7
iter from getPCG1ofSigmaAndVector 6
iter from getPCG1ofSigmaAndVector 6
iter from getPCG1ofSigmaAndVector 7
iter from getPCG1ofSigmaAndVector 7
iter from getPCG1ofSigmaAndVector 7
iter from getPCG1ofSigmaAndVector 6
Tau:
[1] 2.34432268 0.09785851
Fixed-effect coefficients:
              [,1]
 [1,] -6.437898159
 [2,] -0.443061680
 [3,] -0.080179565
 [4,] -0.036050908
 [5,] -0.018785911
 [6,]  0.045653019
 [7,] -0.108906761
 [8,]  0.027602421
 [9,] -0.007703544
[10,]  0.052871082
[11,]  0.066636167
[12,]  0.058022328
[13,] -0.013335282
[14,] -0.037924204
iter from getPCG1ofSigmaAndVector 6
iter from getPCG1ofSigmaAndVector 6
iter from getPCG1ofSigmaAndVector 6
iter from getPCG1ofSigmaAndVector 6
iter from getPCG1ofSigmaAndVector 6
iter from getPCG1ofSigmaAndVector 6
iter from getPCG1ofSigmaAndVector 6
iter from getPCG1ofSigmaAndVector 6
iter from getPCG1ofSigmaAndVector 6
iter from getPCG1ofSigmaAndVector 6
iter from getPCG1ofSigmaAndVector 6
iter from getPCG1ofSigmaAndVector 6
iter from getPCG1ofSigmaAndVector 6
iter from getPCG1ofSigmaAndVector 6
iter from getPCG1ofSigmaAndVector 6
iter from getPCG1ofSigmaAndVector 6
iter from getPCG1ofSigmaAndVector 6
iter from getPCG1ofSigmaAndVector 6
iter from getPCG1ofSigmaAndVector 6
iter from getPCG1ofSigmaAndVector 6
iter from getPCG1ofSigmaAndVector 5
iter from getPCG1ofSigmaAndVector 6
iter from getPCG1ofSigmaAndVector 4
iter from getPCG1ofSigmaAndVector 5
iter from getPCG1ofSigmaAndVector 6
iter from getPCG1ofSigmaAndVector 4
iter from getPCG1ofSigmaAndVector 4
iter from getPCG1ofSigmaAndVector 6
iter from getPCG1ofSigmaAndVector 4
iter from getPCG1ofSigmaAndVector 6
iter from getPCG1ofSigmaAndVector 5
iter from getPCG1ofSigmaAndVector 4
iter from getPCG1ofSigmaAndVector 6
iter from getPCG1ofSigmaAndVector 5
iter from getPCG1ofSigmaAndVector 5
iter from getPCG1ofSigmaAndVector 6
iter from getPCG1ofSigmaAndVector 5
iter from getPCG1ofSigmaAndVector 6
iter from getPCG1ofSigmaAndVector 5
iter from getPCG1ofSigmaAndVector 5
iter from getPCG1ofSigmaAndVector 6
iter from getPCG1ofSigmaAndVector 4
iter from getPCG1ofSigmaAndVector 4
iter from getPCG1ofSigmaAndVector 6
Tau:
[1] 1.0 0.1
Fixed-effect coefficients:
             [,1]
 [1,]  3.58295393
 [2,] -1.53248024
 [3,] -0.27726844
 [4,] -2.05242801
 [5,]  0.09926905
 [6,] -0.03085195
 [7,] -0.11536301
 [8,] -0.13203093
 [9,] -0.05226603
[10,] -0.02905674
[11,] -0.05582677
[12,] -0.08576927
[13,] -0.02616204
[14,]  0.05675859
iter from getPCG1ofSigmaAndVector 4
iter from getPCG1ofSigmaAndVector 6
iter from getPCG1ofSigmaAndVector 4
iter from getPCG1ofSigmaAndVector 6
iter from getPCG1ofSigmaAndVector 4
iter from getPCG1ofSigmaAndVector 4
iter from getPCG1ofSigmaAndVector 7
cov:  0.000365669 -2.1632e-10 -2.619991e-10 -9.050846e-11 1.154613e-09 -2.156451e-09 -7.981926e-10 1.864055e-10 -2.17047e-10 1.319282e-10 7.903955e-11 9.424064e-11 3.330207e-11 1.489462e-10 -2.1632e-10 0.0004148977 9.09409e-06 -8.531723e-06 -0.0001760828 8.982223e-05 1.281164e-05 1.551872e-05 -6.818208e-06 5.771216e-06 1.296377e-05 -3.49122e-06 1.567381e-06 -3.23398e-06 -2.619991e-10 9.09409e-06 0.0003881401 -2.933506e-06 -9.061032e-05 4.513754e-05 6.596943e-06 -1.005224e-05 5.135851e-06 -4.330162e-06 -7.014247e-06 1.113439e-06 -5.713259e-07 1.006815e-07 -9.050846e-11 -8.531723e-06 -2.933506e-06 0.0003822683 6.014157e-05 -2.812567e-05 7.689005e-07 -4.533497e-06 7.475227e-07 -8.169322e-07 -3.959724e-06 -2.57238e-06 -1.1867e-07 4.41756e-07 1.154613e-09 -0.0001760828 -9.061032e-05 6.014157e-05 0.00201787 -0.0007550068 -0.000168902 -1.031091e-05 -1.626929e-06 5.005005e-06 -6.434616e-06 -1.28574e-05 6.005008e-06 -9.621809e-07 -2.156451e-09 8.982223e-05 4.513754e-05 -2.812567e-05 -0.0007550068 0.0008509282 5.041105e-05 3.36342e-05 -9.031116e-07 4.362089e-07 2.64461e-05 3.253321e-05 3.96813e-07 -2.576632e-06 -7.981926e-10 1.281164e-05 6.596943e-06 7.689005e-07 -0.000168902 5.041105e-05 0.000917353 -6.481354e-06 -9.357453e-05 6.548271e-05 -4.048267e-05 -0.0002203562 1.741671e-06 2.340338e-06 1.864055e-10 1.551872e-05 -1.005224e-05 -4.533497e-06 -1.031091e-05 3.36342e-05 -6.481354e-06 0.000538432 -5.601652e-05 4.842311e-05 0.00010587 3.241421e-05 1.008265e-06 2.20222e-07 -2.17047e-10 -6.818208e-06 5.135851e-06 7.475227e-07 -1.626929e-06 -9.031116e-07 -9.357453e-05 -5.601652e-05 0.000427457 -3.245402e-05 -3.550938e-05 3.1197e-05 -2.683489e-06 3.370688e-07 1.319282e-10 5.771216e-06 -4.330162e-06 -8.169322e-07 5.005005e-06 4.362089e-07 6.548271e-05 4.842311e-05 -3.245402e-05 0.0004107139 3.343002e-05 -2.013845e-05 1.573299e-06 -6.719225e-07 7.903955e-11 1.296377e-05 -7.014247e-06 -3.959724e-06 -6.434616e-06 2.64461e-05 -4.048267e-05 0.00010587 -3.550938e-05 3.343002e-05 0.0004651858 3.748215e-05 2.807521e-06 -1.611758e-06 9.424064e-11 -3.49122e-06 1.113439e-06 -2.57238e-06 -1.28574e-05 3.253321e-05 -0.0002203562 3.241421e-05 3.1197e-05 -2.013845e-05 3.748215e-05 0.0004977108 -2.91976e-06 1.357786e-06 3.330207e-11 1.567381e-06 -5.713259e-07 -1.1867e-07 6.005008e-06 3.96813e-07 1.741671e-06 1.008265e-06 -2.683489e-06 1.573299e-06 2.807521e-06 -2.91976e-06 0.0003839705 -1.031045e-06 1.489462e-10 -3.23398e-06 1.006815e-07 4.41756e-07 -9.621809e-07 -2.576632e-06 2.340338e-06 2.20222e-07 3.370688e-07 -6.719225e-07 -1.611758e-06 1.357786e-06 -1.031045e-06 0.0003836382 
Variance component estimates:
[1] 2.34363294 0.09871541
Fixed-effect coefficients:
              [,1]
 [1,] -6.437898159
 [2,] -0.443061680
 [3,] -0.080179565
 [4,] -0.036050908
 [5,] -0.018785911
 [6,]  0.045653019
 [7,] -0.108906761
 [8,]  0.027602421
 [9,] -0.007703544
[10,]  0.052871082
[11,]  0.066636167
[12,]  0.058022328
[13,] -0.013335282
[14,] -0.037924204

Final  2.343633 0.09871541 :
iGet_Coef:  1 
iter from getPCG1ofSigmaAndVector 4
iter from getPCG1ofSigmaAndVector 4
iter from getPCG1ofSigmaAndVector 7
iter from getPCG1ofSigmaAndVector 4
iter from getPCG1ofSigmaAndVector 6
iter from getPCG1ofSigmaAndVector 4
iter from getPCG1ofSigmaAndVector 7
iter from getPCG1ofSigmaAndVector 4
iter from getPCG1ofSigmaAndVector 4
iter from getPCG1ofSigmaAndVector 6
iter from getPCG1ofSigmaAndVector 4
iter from getPCG1ofSigmaAndVector 6
iter from getPCG1ofSigmaAndVector 4
iter from getPCG1ofSigmaAndVector 6
iter from getPCG1ofSigmaAndVector 4
iter from getPCG1ofSigmaAndVector 4
iter from getPCG1ofSigmaAndVector 6
iter from getPCG1ofSigmaAndVector 4
iter from getPCG1ofSigmaAndVector 6
iter from getPCG1ofSigmaAndVector 4
iter from getPCG1ofSigmaAndVector 7
iter from getPCG1ofSigmaAndVector 4
iter from getPCG1ofSigmaAndVector 4
iter from getPCG1ofSigmaAndVector 6
iter from getPCG1ofSigmaAndVector 4
iter from getPCG1ofSigmaAndVector 6
iter from getPCG1ofSigmaAndVector 4
iter from getPCG1ofSigmaAndVector 7
iter from getPCG1ofSigmaAndVector 4
iter from getPCG1ofSigmaAndVector 4
iter from getPCG1ofSigmaAndVector 7
iter from getPCG1ofSigmaAndVector 4
iter from getPCG1ofSigmaAndVector 7
iter from getPCG1ofSigmaAndVector 4
iter from getPCG1ofSigmaAndVector 4
iter from getPCG1ofSigmaAndVector 6
Tau:
[1] 2.34363294 0.09871541
Fixed-effect coefficients:
              [,1]
 [1,] -6.437897682
 [2,] -0.443037659
 [3,] -0.080183715
 [4,] -0.036052089
 [5,] -0.018676272
 [6,]  0.045659076
 [7,] -0.108959191
 [8,]  0.027594406
 [9,] -0.007704294
[10,]  0.052871037
[11,]  0.066637993
[12,]  0.058014087
[13,] -0.013321524
[14,] -0.037927501
iter from getPCG1ofSigmaAndVector 4
iter from getPCG1ofSigmaAndVector 4
iter from getPCG1ofSigmaAndVector 4
iter from getPCG1ofSigmaAndVector 4
iter from getPCG1ofSigmaAndVector 4
   user  system elapsed 
770.409  38.426 768.406 
t_end - t_begin, fitting the NULL model took
   user  system elapsed 
757.829   3.329 723.700 
[1] "step2"
Start estimating variance ratios
iter from getPCG1ofSigmaAndVector 4
Variance component estimates:
[1] 1.0000000 0.1000116

Iteration  1 1 0.1000116 :
tau0_v1:  1 0.1000116 
iGet_Coef:  1 
iter from getPCG1ofSigmaAndVector 5
iter from getPCG1ofSigmaAndVector 4

Family: gaussian 
Link function: identity 

Only one variance ratio will be estimated using randomly selected markers with MAC >= 20
iter from getPCG1ofSigmaAndVector 5
iter from getPCG1ofSigmaAndVector 6
iter from getPCG1ofSigmaAndVector 4
iter from getPCG1ofSigmaAndVector 4
iter from getPCG1ofSigmaAndVector 7
iter from getPCG1ofSigmaAndVector 4
iter from getPCG1ofSigmaAndVector 6
iter from getPCG1ofSigmaAndVector 5
iter from getPCG1ofSigmaAndVector 6
iter from getPCG1ofSigmaAndVector 4
iter from getPCG1ofSigmaAndVector 6
iter from getPCG1ofSigmaAndVector 5
iter from getPCG1ofSigmaAndVector 6
iter from getPCG1ofSigmaAndVector 5
iter from getPCG1ofSigmaAndVector 6
iter from getPCG1ofSigmaAndVector 5
iter from getPCG1ofSigmaAndVector 7
iter from getPCG1ofSigmaAndVector 5
iter from getPCG1ofSigmaAndVector 6
iter from getPCG1ofSigmaAndVector 5
iter from getPCG1ofSigmaAndVector 6
iter from getPCG1ofSigmaAndVector 4
iter from getPCG1ofSigmaAndVector 7
iter from getPCG1ofSigmaAndVector 4
Tau:
[1] 1.0000000 0.1000116
Fixed-effect coefficients:
             [,1]
 [1,]  3.56843638
 [2,] -1.50814831
 [3,] -0.29089573
 [4,] -1.89674413
 [5,]  0.09926823
 [6,] -0.03085125
 [7,] -0.11536289
 [8,] -0.13203084
 [9,] -0.05226588
[10,] -0.02905684
[11,] -0.05582689
[12,] -0.08576908
[13,] -0.02616210
[14,]  0.05675861
iter from getPCG1ofSigmaAndVector 7
iter from getPCG1ofSigmaAndVector 4
iter from getPCG1ofSigmaAndVector 4
iter from getPCG1ofSigmaAndVector 7
iter from getPCG1ofSigmaAndVector 4
iter from getPCG1ofSigmaAndVector 6
134028 th marker
G0 0 0 0 0 2 0 0 0 0 0 
iter from getPCG1ofSigmaAndVector 5
iter from getPCG1ofSigmaAndVector 4
62641 th marker
G0 1 0 0 0 1 0 0 0 0 0 
iter from getPCG1ofSigmaAndVector 4
iter from getPCG1ofSigmaAndVector 5
12288 th marker
G0 0 0 1 0 1 1 2 2 1 1 
iter from getPCG1ofSigmaAndVector 4
iter from getPCG1ofSigmaAndVector 6
iter from getPCG1ofSigmaAndVector 4
130445 th marker
G0 1 2 2 2 1 2 2 0 2 2 
iter from getPCG1ofSigmaAndVector 4
iter from getPCG1ofSigmaAndVector 6
iter from getPCG1ofSigmaAndVector 4
75102 th marker
G0 0 0 0 0 0 0 1 0 0 0 
iter from getPCG1ofSigmaAndVector 4
iter from getPCG1ofSigmaAndVector 6
iter from getPCG1ofSigmaAndVector 4
36133 th marker
G0 0 0 0 0 0 0 0 0 0 0 
iter from getPCG1ofSigmaAndVector 4
iter from getPCG1ofSigmaAndVector 5
113116 th marker
G0 0 0 0 0 1 0 0 0 0 0 
iter from getPCG1ofSigmaAndVector 4
iter from getPCG1ofSigmaAndVector 4
134969 th marker
G0 1 1 1 0 0 2 1 1 1 0 
iter from getPCG1ofSigmaAndVector 4
iter from getPCG1ofSigmaAndVector 4
iter from getPCG1ofSigmaAndVector 6
124022 th marker
G0 0 0 0 0 1 0 0 0 0 0 
iter from getPCG1ofSigmaAndVector 4
iter from getPCG1ofSigmaAndVector 5
11455 th marker
G0 0 0 0 0 0 0 0 0 0 0 
iter from getPCG1ofSigmaAndVector 4
iter from getPCG1ofSigmaAndVector 5
iter from getPCG1ofSigmaAndVector 4
[1] "OK"
[1] "OK1"
67704 th marker
G0 0 0 0 0 0 0 0 0 0 0 
iter from getPCG1ofSigmaAndVector 4
iter from getPCG1ofSigmaAndVector 5
136 th marker
G0 0 0 0 0 1 0 0 0 0 0 
iter from getPCG1ofSigmaAndVector 4
iter from getPCG1ofSigmaAndVector 6
iter from getPCG1ofSigmaAndVector 4
64090 th marker
G0 0 0 0 0 0 0 0 0 0 0 
iter from getPCG1ofSigmaAndVector 4
iter from getPCG1ofSigmaAndVector 6
54855 th marker
G0 0 1 0 1 0 0 0 1 0 0 
iter from getPCG1ofSigmaAndVector 4
iter from getPCG1ofSigmaAndVector 6
91158 th marker
G0 0 0 0 0 0iter from getPCG1ofSigmaAndVector 4
 0 0 0 0 0 
iter from getPCG1ofSigmaAndVector 4
iter from getPCG1ofSigmaAndVector 5
19947 th marker
G0 1 1 2 1 0 0 1 0 0 1 
iter from getPCG1ofSigmaAndVector 4
iter from getPCG1ofSigmaAndVector 6
112047 th marker
G0 0 0 0 0 0 0iter from getPCG1ofSigmaAndVector 4
 0 1 0 0 
iter from getPCG1ofSigmaAndVector 4
iter from getPCG1ofSigmaAndVector 6
74005 th marker
G0 0 1 0 0 0 1 1 0 2 1 
iter from getPCG1ofSigmaAndVector 4
iter from getPCG1ofSigmaAndVector 6
iter from getPCG1ofSigmaAndVector 4
71457 th marker
G0 0 1 0 0 0 1 1 1 0 0 
iter from getPCG1ofSigmaAndVector 4
[1] 0.0000000 0.4416574
tau:  1 0.2740532 
tau0:  1 0.1000116 

Iteration  2 1 0.2740532 :
tau0_v1:  1 0.2740532 
iGet_Coef:  1 
iter from getPCG1ofSigmaAndVector 6
105190 th marker
G0 0 0 1 1 0 1 2 2 2 0 
iter from getPCG1ofSigmaAndVector 6
iter from getPCG1ofSigmaAndVector 6
[1] "OK"
iter from getPCG1ofSigmaAndVector 6
[1] "OK1"
58142 th marker
G0 0 0 1 0 0 0 1 0 0 0 
iter from getPCG1ofSigmaAndVector 5
iter from getPCG1ofSigmaAndVector 6
8356 th marker
G0 0 0 0 0 0 0 0 0 0 0 
iter from getPCG1ofSigmaAndVector 5
iter from getPCG1ofSigmaAndVector 4
50962 th marker
G0 1 1 0 0 0 0 0 1 1 0 
iter from getPCG1ofSigmaAndVector 5
iter from getPCG1ofSigmaAndVector 5
iter from getPCG1ofSigmaAndVector 6
78002 th marker
G0 2 0 1 1 0 1 1 1 1 1 
iter from getPCG1ofSigmaAndVector 6
iter from getPCG1ofSigmaAndVector 6
iter from getPCG1ofSigmaAndVector 6
101540 th marker
G0 0 0 1 0 0 1 1 1 1 2 
iter from getPCG1ofSigmaAndVector 6
iter from getPCG1ofSigmaAndVector 6
162067 th marker
G0 1 0 0 0 0 0 1 0 0 0 
iter from getPCG1ofSigmaAndVector 6
iter from getPCG1ofSigmaAndVector 6
47724 th marker
G0 0 0 1 0 0 1 1 0 1 0 
iter from getPCG1ofSigmaAndVector 6
iter from getPCG1ofSigmaAndVector 6
iter from getPCG1ofSigmaAndVector 6
58864 th marker
G0 0 0 1 1 0 0 0 0 0 0 
iter from getPCG1ofSigmaAndVector 6
iter from getPCG1ofSigmaAndVector 6
97529 th marker
G0 0 0 1 0 1 0 1 0 1 0 
iter from getPCG1ofSigmaAndVector 5
iter from getPCG1ofSigmaAndVector 6
iter from getPCG1ofSigmaAndVector 5
Tau:
[1] 1.0000000 0.2740532
Fixed-effect coefficients:
             [,1]
 [1,]  3.49737811
 [2,] -1.45201409
 [3,] -0.33012095
 [4,] -1.45460236
 [5,]  0.08249213
 [6,] -0.01632835
 [7,] -0.11452205
 [8,] -0.13149731
 [9,] -0.05133243
[10,] -0.03028249
[11,] -0.05541456
[12,] -0.08337288
[13,] -0.02540832
[14,]  0.05703051
iGet_Coef:  2 
140526 th marker
G0 0 1 0 1 0 1 0 1 1 1 
iter from getPCG1ofSigmaAndVector 6
iter from getPCG1ofSigmaAndVector 6
[1] "OK"
[1] "OK1"
[1] "OK2"
CV for variance ratio estimate using  30  markers is  0.0004882669  <  0.001 
varRatio 0.4055758 
[1] 0.4055758
          [,1]
[1,] 0.4055758
          [,1]
[1,] 0.4055758
[1] "/mnt/bb/arodriguez/A1C_Max.ASN/phewas.ld.maf.A1C_Max.ASN.out.varianceRatio.txt"
         V1
1 0.4055758
closed the plinkFile!
[1] "PATHS:"
[1] "/mnt/bb/arodriguez/A1C_Max.ASN/phewas.ld.maf.A1C_Max.ASN.out.rda"
[1] "/gpfs/alpine/med112/proj-shared/task0101113/output/FullRun/A1C_Max/ASN/step1/phewas.ld.maf.A1C_Max.ASN.out.rda"
iter from getPCG1ofSigmaAndVector 6
iter from getPCG1ofSigmaAndVector 5
iter from getPCG1ofSigmaAndVector 5
iter from getPCG1ofSigmaAndVector 5
iter from getPCG1ofSigmaAndVector 5
[1] "PhenoFile.A1C_Max_INT.ASN.txt"
iter from getPCG1ofSigmaAndVector 6
iter from getPCG1ofSigmaAndVector 6
iter from getPCG1ofSigmaAndVector 6
iter from getPCG1ofSigmaAndVector 6
iter from getPCG1ofSigmaAndVector 6
iter from getPCG1ofSigmaAndVector 6
iter from getPCG1ofSigmaAndVector 6
iter from getPCG1ofSigmaAndVector 5
iter from getPCG1ofSigmaAndVector 5
Tau:
[1] 1.0000000 0.2740532
Fixed-effect coefficients:
             [,1]
 [1,]  3.51205778
 [2,] -1.46908212
 [3,] -0.31949669
 [4,] -1.55884314
 [5,]  0.08153605
 [6,] -0.01526399
 [7,] -0.11465532
 [8,] -0.13173728
 [9,] -0.05112742
[10,] -0.03041385
[11,] -0.05560150
[12,] -0.08331573
[13,] -0.02541986
[14,]  0.05698689
iter from getPCG1ofSigmaAndVector 5
iter from getPCG1ofSigmaAndVector 5
iter from getPCG1ofSigmaAndVector 5
iter from getPCG1ofSigmaAndVector 5
iter from getPCG1ofSigmaAndVector 5
iter from getPCG1ofSigmaAndVector 5
iter from getPCG1ofSigmaAndVector 5
iter from getPCG1ofSigmaAndVector 5
iter from getPCG1ofSigmaAndVector 5
iter from getPCG1ofSigmaAndVector 5
iter from getPCG1ofSigmaAndVector 5
iter from getPCG1ofSigmaAndVector 5
iter from getPCG1ofSigmaAndVector 5
iter from getPCG1ofSigmaAndVector 5
iter from getPCG1ofSigmaAndVector 5
iter from getPCG1ofSigmaAndVector 5
iter from getPCG1ofSigmaAndVector 5
iter from getPCG1ofSigmaAndVector 5
iter from getPCG1ofSigmaAndVector 5
iter from getPCG1ofSigmaAndVector 5
iter from getPCG1ofSigmaAndVector 5
iter from getPCG1ofSigmaAndVector 5
iter from getPCG1ofSigmaAndVector 5
iter from getPCG1ofSigmaAndVector 5
iter from getPCG1ofSigmaAndVector 5
iter from getPCG1ofSigmaAndVector 5
iter from getPCG1ofSigmaAndVector 5
iter from getPCG1ofSigmaAndVector 5
iter from getPCG1ofSigmaAndVector 5
iter from getPCG1ofSigmaAndVector 5
iter from getPCG1ofSigmaAndVector 5
[1] 0.0000000 0.1741218
tau:  1 0.1898032 
tau0:  1 0.2740532 

Iteration  3 1 0.1898032 :
tau0_v1:  1 0.1898032 
iGet_Coef:  1 
iter from getPCG1ofSigmaAndVector 5
iter from getPCG1ofSigmaAndVector 5
iter from getPCG1ofSigmaAndVector 5
iter from getPCG1ofSigmaAndVector 5
iter from getPCG1ofSigmaAndVector 5
iter from getPCG1ofSigmaAndVector 5
iter from getPCG1ofSigmaAndVector 5
iter from getPCG1ofSigmaAndVector 5
iter from getPCG1ofSigmaAndVector 5
iter from getPCG1ofSigmaAndVector 5
iter from getPCG1ofSigmaAndVector 5
iter from getPCG1ofSigmaAndVector 5
iter from getPCG1ofSigmaAndVector 5
iter from getPCG1ofSigmaAndVector 5
iter from getPCG1ofSigmaAndVector 5
Tau:
[1] 1.0000000 0.1898032
Fixed-effect coefficients:
             [,1]
 [1,]  3.52244234
 [2,] -1.47941029
 [3,] -0.31234735
 [4,] -1.64884615
 [5,]  0.09036631
 [6,] -0.02268322
 [7,] -0.11497426
 [8,] -0.13185677
 [9,] -0.05166205
[10,] -0.02980245
[11,] -0.05568531
[12,] -0.08447330
[13,] -0.02575042
[14,]  0.05690537
iter from getPCG1ofSigmaAndVector 5
iter from getPCG1ofSigmaAndVector 5
iter from getPCG1ofSigmaAndVector 5
iter from getPCG1ofSigmaAndVector 5
iter from getPCG1ofSigmaAndVector 5
iter from getPCG1ofSigmaAndVector 5
iter from getPCG1ofSigmaAndVector 5
iter from getPCG1ofSigmaAndVector 5
iter from getPCG1ofSigmaAndVector 5
iter from getPCG1ofSigmaAndVector 5
iter from getPCG1ofSigmaAndVector 5
iter from getPCG1ofSigmaAndVector 5
iter from getPCG1ofSigmaAndVector 5
iter from getPCG1ofSigmaAndVector 5
iter from getPCG1ofSigmaAndVector 5
iter from getPCG1ofSigmaAndVector 5
iter from getPCG1ofSigmaAndVector 5
iter from getPCG1ofSigmaAndVector 5
iter from getPCG1ofSigmaAndVector 5
iter from getPCG1ofSigmaAndVector 5
iter from getPCG1ofSigmaAndVector 5
iter from getPCG1ofSigmaAndVector 5
iter from getPCG1ofSigmaAndVector 5
iter from getPCG1ofSigmaAndVector 5
iter from getPCG1ofSigmaAndVector 4
iter from getPCG1ofSigmaAndVector 5
iter from getPCG1ofSigmaAndVector 5
iter from getPCG1ofSigmaAndVector 5
iter from getPCG1ofSigmaAndVector 5
iter from getPCG1ofSigmaAndVector 4
iter from getPCG1ofSigmaAndVector 5
[1] 0.00000000 0.02563266
tau:  1 0.1798162 
tau0:  1 0.1898032 

Iteration  4 1 0.1798162 :
tau0_v1:  1 0.1798162 
iGet_Coef:  1 
iter from getPCG1ofSigmaAndVector 5
iter from getPCG1ofSigmaAndVector 5
iter from getPCG1ofSigmaAndVector 5
iter from getPCG1ofSigmaAndVector 5
iter from getPCG1ofSigmaAndVector 5
iter from getPCG1ofSigmaAndVector 5
iter from getPCG1ofSigmaAndVector 5
iter from getPCG1ofSigmaAndVector 5
iter from getPCG1ofSigmaAndVector 5
iter from getPCG1ofSigmaAndVector 5
iter from getPCG1ofSigmaAndVector 5
iter from getPCG1ofSigmaAndVector 5
iter from getPCG1ofSigmaAndVector 5
iter from getPCG1ofSigmaAndVector 5
iter from getPCG1ofSigmaAndVector 5
Tau:
[1] 1.0000000 0.1798162
Fixed-effect coefficients:
             [,1]
 [1,]  3.53339744
 [2,] -1.48835468
 [3,] -0.30581439
 [4,] -1.72031641
 [5,]  0.09114215
 [6,] -0.02332610
 [7,] -0.11504476
 [8,] -0.13193217
 [9,] -0.05168080
[10,] -0.02975331
[11,] -0.05574368
[12,] -0.08460343
[13,] -0.02579752
[14,]  0.05688102
iter from getPCG1ofSigmaAndVector 5
iter from getPCG1ofSigmaAndVector 5
iter from getPCG1ofSigmaAndVector 5
iter from getPCG1ofSigmaAndVector 5
iter from getPCG1ofSigmaAndVector 5
iter from getPCG1ofSigmaAndVector 5
iter from getPCG1ofSigmaAndVector 5
iter from getPCG1ofSigmaAndVector 5
iter from getPCG1ofSigmaAndVector 5
iter from getPCG1ofSigmaAndVector 5
iter from getPCG1ofSigmaAndVector 5
iter from getPCG1ofSigmaAndVector 5
iter from getPCG1ofSigmaAndVector 5
iter from getPCG1ofSigmaAndVector 5
iter from getPCG1ofSigmaAndVector 5
iter from getPCG1ofSigmaAndVector 5
iter from getPCG1ofSigmaAndVector 5
iter from getPCG1ofSigmaAndVector 5
iter from getPCG1ofSigmaAndVector 5
iter from getPCG1ofSigmaAndVector 5
iter from getPCG1ofSigmaAndVector 5
iter from getPCG1ofSigmaAndVector 5
iter from getPCG1ofSigmaAndVector 5
iter from getPCG1ofSigmaAndVector 5
iter from getPCG1ofSigmaAndVector 5
iter from getPCG1ofSigmaAndVector 5
iter from getPCG1ofSigmaAndVector 5
iter from getPCG1ofSigmaAndVector 5
iter from getPCG1ofSigmaAndVector 5
iter from getPCG1ofSigmaAndVector 5
iter from getPCG1ofSigmaAndVector 5
[1] 0.0000000 0.0643227
tau:  1 0.2059139 
tau0:  1 0.1798162 

Iteration  5 1 0.2059139 :
tau0_v1:  1 0.2059139 
iGet_Coef:  1 
iter from getPCG1ofSigmaAndVector 6
iter from getPCG1ofSigmaAndVector 5
iter from getPCG1ofSigmaAndVector 5
iter from getPCG1ofSigmaAndVector 5
iter from getPCG1ofSigmaAndVector 5
iter from getPCG1ofSigmaAndVector 5
iter from getPCG1ofSigmaAndVector 5
iter from getPCG1ofSigmaAndVector 5
iter from getPCG1ofSigmaAndVector 5
iter from getPCG1ofSigmaAndVector 5
iter from getPCG1ofSigmaAndVector 5
iter from getPCG1ofSigmaAndVector 5
iter from getPCG1ofSigmaAndVector 5
iter from getPCG1ofSigmaAndVector 5
iter from getPCG1ofSigmaAndVector 5
Tau:
[1] 1.0000000 0.2059139
Fixed-effect coefficients:
             [,1]
 [1,]  3.55125928
 [2,] -1.50515282
 [3,] -0.29652214
 [4,] -1.83070183
 [5,]  0.08854047
 [6,] -0.02109643
 [7,] -0.11492827
 [8,] -0.13186803
 [9,] -0.05153112
[10,] -0.02993914
[11,] -0.05569449
[12,] -0.08424424
[13,] -0.02568814
[14,]  0.05691580
iter from getPCG1ofSigmaAndVector 5
iter from getPCG1ofSigmaAndVector 5
iter from getPCG1ofSigmaAndVector 5
iter from getPCG1ofSigmaAndVector 5
iter from getPCG1ofSigmaAndVector 5
iter from getPCG1ofSigmaAndVector 5
iter from getPCG1ofSigmaAndVector 5
iter from getPCG1ofSigmaAndVector 5
iter from getPCG1ofSigmaAndVector 5
iter from getPCG1ofSigmaAndVector 5
iter from getPCG1ofSigmaAndVector 5
iter from getPCG1ofSigmaAndVector 5
iter from getPCG1ofSigmaAndVector 5
iter from getPCG1ofSigmaAndVector 5
iter from getPCG1ofSigmaAndVector 5
iter from getPCG1ofSigmaAndVector 5
iter from getPCG1ofSigmaAndVector 5
iter from getPCG1ofSigmaAndVector 5
iter from getPCG1ofSigmaAndVector 5
iter from getPCG1ofSigmaAndVector 5
iter from getPCG1ofSigmaAndVector 5
iter from getPCG1ofSigmaAndVector 5
iter from getPCG1ofSigmaAndVector 4
iter from getPCG1ofSigmaAndVector 5
iter from getPCG1ofSigmaAndVector 5
iter from getPCG1ofSigmaAndVector 5
iter from getPCG1ofSigmaAndVector 5
iter from getPCG1ofSigmaAndVector 5
iter from getPCG1ofSigmaAndVector 5
iter from getPCG1ofSigmaAndVector 5
iter from getPCG1ofSigmaAndVector 5
[1] 0.00000000 0.02094138
tau:  1 0.1970563 
tau0:  1 0.2059139 

Iteration  6 1 0.1970563 :
tau0_v1:  1 0.1970563 
iGet_Coef:  1 
iter from getPCG1ofSigmaAndVector 5
iter from getPCG1ofSigmaAndVector 5
iter from getPCG1ofSigmaAndVector 5
iter from getPCG1ofSigmaAndVector 5
iter from getPCG1ofSigmaAndVector 5
iter from getPCG1ofSigmaAndVector 5
iter from getPCG1ofSigmaAndVector 5
iter from getPCG1ofSigmaAndVector 5
iter from getPCG1ofSigmaAndVector 5
iter from getPCG1ofSigmaAndVector 5
iter from getPCG1ofSigmaAndVector 5
iter from getPCG1ofSigmaAndVector 5
iter from getPCG1ofSigmaAndVector 5
iter from getPCG1ofSigmaAndVector 5
